440
440
440
440
440
440
440
440
180
440
420
440
440
440
430
440
440
440
440
440
440
440
440
440
440
440
440
440
430
440
440
440
440
360
440
440
440
440
440
440
440
440
440
320
440
440
400
440
440
440
340
440
440
440
440
440
440
440
440
440
440
440
440
440
440
440
440
440
390
440
210
440
440
440
440
440
440
440
420
440
440
440
440
440
440
440
440
440
420
440
440
440
440
160
440
400
440
440
440
440
440
440
440
440
440
440
440
440
440
350
420
440
440
440
180
440
440
440
440
440
440
440
420
440
440
440
420
440
440
440
440
440
420
440
440
440
440
440
440
440
440
440
420
440
440
440
440
440
440
440
440
440
440
440
440
430
440
440
420
440
440
440
440
440
400
440
380
440
440
440
440
440
440
440
440
430
440
440
440
440
440
440
440
400
440
440
440
440
440
440
440
400
440
440
440
440
300
440
440
440
440
440
440
440
440
270
440
440
440
440
410
440
440
440
440
310
440
440
380
290
440
440
440
440
440
440
440
440
440
440
380
440
440
440
440
440
360
440
440
440
440
440
440
440
440
440
440
440
440
440
360
420
440
190
440
440
440
440
440
410
440
440
440
440
420
440
440
440
440
440
440
420
260
440
440
440
420
440
440
440
440
440
370
440
440
390
440
440
440
440
440
400
440
440
440
440
440
320
440
440
440
440
440
320
440
440
440
440
440
370
440
440
440
380
440
440
440
440
440
440
440
440
390
440
440
440
440
440
420
440
440
440
440
440
420
440
440
440
440
370
440
440
420
440
420
440
440
440
180
440
440
440
440
440
440
430
150
440
430
440
440
440
350
440
440
440
440
440
440
440
440
440
440
440
440
440
440
440
440
160
440
440
440
440
440
440
440
440
440
310
440
440
440
440
440
440
440
440
440
440
440
420
320
310
440
440
420
440
440
440
440
440
440
440
440
440
440
440
440
440
440
440
440
440
440
440
440
230
440
440
440
440
440
370
440
440
440
440
440
440
440
440
440
440
440
440
320
440
440
440
440
440
330
440
180
440
440
440
440
440
440
360
440
440
320
440
400
440
440
440
440
440
440
440
370
440
350
440
440
440
440
370
440
440
440
440
440
370
410
440
360
420
440
410
440
440
440
440
440
440
440
440
440
440
440
250
440
440
440
360
440
440
440
440
440
440
440
440
440
440
440
360
440
440
440
440
440
440
440
440
180
440
440
220
440
420
440
440
440
170
440
440
320
440
440
310
440
440
440
440
440
440
440
440
410
440
440
440
440
440
440
380
440
440
440
440
440
440
440
440
440
440
420
440
430
440
440
440
440
440
440
440
440
440
410
440
440
440
440
110
430
440
200
440
370
440
440
440
440
440
180
440
440
440
440
440
320
380
440
440
260
420
440
410
310
440
390
440
400
180
440
420
440
440
440
440
440
440
440
440
170
440
440
440
440
440
440
440
440
440
440
440
440
390
440
410
440
440
440
440
440
440
440
410
440
440
440
440
440
440
440
440
260
440
440
440
440
440
440
430
370
440
440
440
440
440
440
440
440
440
440
440
440
410
440
440
440
440
440
440
440
440
440
440
440
400
440
350
440
440
440
440
440
440
440
440
440
440
440
370
440
440
440
440
440
440
440
440
440
410
440
440
440
440
440
380
440
440
440
440
440
440
190
440
440
440
440
440
440
440
440
420
180
440
440
440
370
440
440
420
420
440
320
440
440
150
440
440
390
440
440
440
440
440
440
440
440
440
440
440
370
420
440
440
380
430
440
430
440
440
440
440
440
350
440
440
440
330
440
440
440
440
440
440
440
440
440
390
340
440
440
440
440
440
440
440
440
420
440
440
440
440
440
440
440
440
440
440
440
440
440
440
440
440
440
440
440
440
440
280
440
440
440
440
440
440
440
440
440
410
440
440
440
440
440
440
440
440
180
440
440
440
440
440
400
430
310
440
440
440
440
410
440
440
440
410
440
440
440
440
440
290
440
440
440
440
440
440
440
440
440
440
410
440
440
440
440
400
440
440
400
440
440
440
440
440
440
440
440
440
440
430
440
440
380
440
430
270
420
430
380
440
430
440
440
440
170
440
440
440
440
440
80
440
360
440
440
440
440
440
400
440
440
420
440
440
440
440
440
440
410
440
440
440
440
440
240
440
440
440
440
400
440
420
440
320
440
440
420
310
310
440
140
440
440
420
440
440
420
440
440
440
440
440
440
440
440
420
440
440
360
440
440
440
440
440
440
440
440
440
440
440
360
440
440
440
380
440
440
440